-183.250000 1.045411 0.326641 -1.613367 -3.250000 1.700990 0.135299 0.400994 -195.250000 10.608904 0.653281 0.720321 -3.750000 0.554258 0.270598 0.009211 
195.830104 4.157111 1.605085 -0.779817 -2.544455 -0.350877 -0.254427 -0.674955 168.120818 11.464300 -2.498248 1.451007 3.422708 -0.127778 0.628912 0.448084 
24.316329 -5.184604 -0.603553 -5.203603 1.609990 -2.096188 0.250000 -0.317865 70.289435 -22.183642 6.785534 2.964916 0.112085 -1.332587 0.042893 -0.352048 
-102.584474 -0.426470 10.695295 0.204447 -1.723630 -0.188574 0.277835 0.264209 -87.193391 -8.406736 -1.876735 0.311195 3.897399 -0.624000 0.337101 0.064362 
11.250000 4.204301 -1.903802 -0.403238 -0.750000 1.908227 -0.023214 0.519541 -35.250000 21.130856 4.269543 -3.466269 -4.250000 1.034046 -0.144914 -0.166304 
63.836778 12.746198 -2.127426 3.404572 0.615864 -0.075767 0.059017 -0.012256 16.256565 20.352900 -5.392852 -2.033903 -3.628156 1.239057 -0.147863 -0.267649 
14.281671 -14.449090 -0.250000 4.692280 2.580297 -1.118639 0.103553 -0.048164 45.570225 -12.259591 -1.457107 0.823233 1.577161 -0.457576 -0.285534 0.104522 
-71.235432 -15.581809 5.240995 -2.063337 2.073779 0.209775 -0.380777 0.214209 23.797107 -29.961819 -1.731547 0.488691 1.885956 -1.466255 -0.352824 -0.014553 
-220.875000 1.914095 -2.568690 0.954666 2.375000 -0.326401 0.658089 -0.076267 -224.625000 0.155743 5.125773 -0.765336 -0.375000 0.152235 -0.364277 0.233086 
-13.442992 -3.990016 1.124945 -3.047697 3.232058 0.525576 -0.155203 -0.365222 1.027582 5.047626 -5.086657 4.594214 0.647589 0.213132 -0.128895 0.303880 
-7.148460 -3.338038 -0.588388 -1.965072 0.951901 -0.120517 -0.165291 0.266168 -4.544949 -0.956594 3.856155 -0.381787 -1.796524 -0.126080 -0.213388 0.504372 
0.283057 5.543455 0.648082 -3.249938 2.883989 0.093158 -0.414132 0.530615 -0.925350 6.402275 -4.029281 3.710310 0.290617 0.233622 0.315898 0.005453 
2.625000 -0.158428 5.970396 -0.361045 -2.125000 -0.002841 0.368260 0.531073 6.875000 4.685360 5.317115 -4.023573 -0.375000 -0.448532 0.097662 0.307541 
-2.933283 5.133598 -2.805066 -6.240473 -1.079705 0.280268 0.548464 0.422134 -3.169589 5.901401 1.772024 -4.710922 0.069642 0.259360 -0.145675 -0.133259 
2.013896 0.609834 4.584709 -0.638427 0.011607 0.258008 -0.411612 -0.435397 -1.499896 3.300709 0.036612 -1.671103 -0.744145 -0.316941 0.143845 -0.078503 
4.051444 -5.698853 -2.797263 -1.404256 -1.906082 -0.211911 0.002600 -0.040314 2.367278 1.359336 4.380914 0.322402 0.744191 -0.812640 -0.213797 -0.017296 
