136 136 136 136 136 136 136 136 140 139 137 134 131 129 127 125 
131 131 131 131 131 131 131 131 118 119 122 126 130 134 137 138 
129 129 129 129 129 129 129 129 147 146 145 144 142 141 140 139 
142 142 142 142 142 142 142 142 121 118 113 106 98 91 85 83 
64 64 64 64 64 64 64 64 71 70 69 67 66 64 63 63 
74 74 74 74 74 74 74 74 77 77 78 79 80 81 82 82 
79 79 79 79 79 79 79 79 83 83 82 82 81 80 80 80 
89 89 89 89 89 89 89 89 87 88 90 93 96 99 101 102 
95 95 95 95 95 95 95 95 101 100 99 98 98 99 100 101 
97 97 97 97 97 97 97 97 101 100 99 98 98 99 100 101 
99 99 99 99 99 99 99 99 101 100 99 98 98 99 100 101 
101 101 101 101 101 101 101 101 101 100 99 98 98 99 100 101 
102 102 102 102 102 102 102 102 101 100 99 98 98 99 100 101 
102 102 102 102 102 102 102 102 101 100 99 98 98 99 100 101 
100 100 100 100 100 100 100 100 101 100 99 98 98 99 100 101 
99 99 99 99 99 99 99 99 101 100 99 98 98 99 100 101 
